1/1 rw4/m
0: now getting
1: now getting
3: now getting
5: now getting
8: now getting
10: now getting
6: now getting
11: now getting
9: now getting
7: now getting
4: now getting
2: now getting
3: {"table":"mb","test":"rw4","trial":0,"thread":3,"puts":26294521,"puts_per_sec":2629491.28247,"gets":26294521,"gets_per_sec":5597966.35798,"ops":52589042,"ops_per_sec":3578214.40867}
9: {"table":"mb","test":"rw4","trial":0,"thread":9,"puts":26957451,"puts_per_sec":2695822.74229,"gets":26957451,"gets_per_sec":5653513.58398,"ops":53914902,"ops_per_sec":3650798.07496}
2: {"table":"mb","test":"rw4","trial":0,"thread":2,"puts":27240566,"puts_per_sec":2723231.18444,"gets":27240566,"gets_per_sec":5703521.61214,"ops":54481132,"ops_per_sec":3686356.60502}
1: {"table":"mb","test":"rw4","trial":0,"thread":1,"puts":25983563,"puts_per_sec":2598356.85755,"gets":25983563,"gets_per_sec":5428055.23143,"ops":51967126,"ops_per_sec":3514403.29188}
11: {"table":"mb","test":"rw4","trial":0,"thread":11,"puts":26464549,"puts_per_sec":2646991.13876,"gets":26464549,"gets_per_sec":5480464.51519,"ops":52929098,"ops_per_sec":3569811.17478}
7: {"table":"mb","test":"rw4","trial":0,"thread":7,"puts":27223926,"puts_per_sec":2722449.00526,"gets":27223926,"gets_per_sec":5630525.92855,"ops":54447852,"ops_per_sec":3670265.94351}
6: {"table":"mb","test":"rw4","trial":0,"thread":6,"puts":26522674,"puts_per_sec":2652327.60107,"gets":26522674,"gets_per_sec":5422046.88603,"ops":53045348,"ops_per_sec":3562144.56812}
10: {"table":"mb","test":"rw4","trial":0,"thread":10,"puts":26113680,"puts_per_sec":2611470.60829,"gets":26113680,"gets_per_sec":5253648.61281,"ops":52227360,"ops_per_sec":3488758.0348}
4: {"table":"mb","test":"rw4","trial":0,"thread":4,"puts":26286942,"puts_per_sec":2628704.97979,"gets":26286942,"gets_per_sec":5270374.64704,"ops":52573884,"ops_per_sec":3507816.28609}
8: {"table":"mb","test":"rw4","trial":0,"thread":8,"puts":27001866,"puts_per_sec":2700276.47393,"gets":27001866,"gets_per_sec":5348865.85042,"ops":54003732,"ops_per_sec":3588808.85344}
0: {"table":"mb","test":"rw4","trial":0,"thread":0,"puts":26559015,"puts_per_sec":2655891.17862,"gets":26559015,"gets_per_sec":5219394.55558,"ops":53118030,"ops_per_sec":3520416.76347}
5: {"table":"mb","test":"rw4","trial":0,"thread":5,"puts":29764850,"puts_per_sec":2976556.17953,"gets":29764850,"gets_per_sec":5650425.77575,"ops":59529700,"ops_per_sec":3899117.87157}
EXPERIMENT x56
set terminal png
set xrange [0.96:7.92]
set xtics rotate by 45 right ("x0/rw1/mb" 1, "x1/rw1/mb" 1.04, "x14/rw1/mb" 1.08, "x15/rw1/mb" 1.12, "x2/rw1/mb" 1.16, "x27/rw1/mb" 1.2, "x28/rw1/mb" 1.24, "x29/rw1/mb" 1.28, "x3/rw1/mb" 1.32, "x36/rw1/mb" 1.36, "x37/rw1/mb" 1.4, "x38/rw1/mb" 1.44, "x4/rw1/mb" 1.48, "x40/rw1/mb" 1.52, "x41/rw1/mb" 1.56, "x42/rw1/mb" 1.6, "x43/rw1/mb" 1.64, "x44/rw1/mb" 1.68, "x48/rw1/mb" 1.72, "x49/rw1/mb" 1.76, "x5/rw1/mb" 1.8, "x53/rw1/mb" 1.84, "x6/rw1/mb" 1.88, "x7/rw1/mb" 1.92, "x8/rw1/mb" 1.96, "x16/rw2/mb" 2.04, "x9/rw2/mb" 2.08, "x10/rw2g90/mb" 2.16, "x17/rw2g90/mb" 2.2, "x11/rw2g98/mb" 2.28, "x18/rw2g98/mb" 2.32, "x27/rw2g98/mb" 2.36, "x28/rw2g98/mb" 2.4, "x30/rw2g98/mb" 2.44, "x54/rw2g98/mb" 2.48, "x12/rw3/mb" 2.56, "x19/rw3/mb" 2.6, "x27/rw3/mb" 2.64, "x28/rw3/mb" 2.68, "x31/rw3/mb" 2.72, "x45/rw3/mb" 2.76, "x46/rw3/mb" 2.8, "x47/rw3/mb" 2.84, "x50/rw3/mb" 2.88, "x51/rw3/mb" 2.92, "x52/rw3/mb" 2.96, "x55/rw3/mb" 3, "rw4/mb" 3.08, "x13/rw4/mb" 3.12, "x20/rw4/mb" 3.16, "x27/rw4/mb" 3.2, "x28/rw4/mb" 3.24, "x32/rw4/mb" 3.28, "x25/rwsmall24/mb" 3.36, "x0/rw1/mb" 3.56, "x1/rw1/mb" 3.6, "x14/rw1/mb" 3.64, "x15/rw1/mb" 3.68, "x2/rw1/mb" 3.72, "x27/rw1/mb" 3.76, "x28/rw1/mb" 3.8, "x29/rw1/mb" 3.84, "x3/rw1/mb" 3.88, "x36/rw1/mb" 3.92, "x37/rw1/mb" 3.96, "x38/rw1/mb" 4, "x4/rw1/mb" 4.04, "x40/rw1/mb" 4.08, "x41/rw1/mb" 4.12, "x42/rw1/mb" 4.16, "x43/rw1/mb" 4.2, "x44/rw1/mb" 4.24, "x48/rw1/mb" 4.28, "x49/rw1/mb" 4.32, "x5/rw1/mb" 4.36, "x53/rw1/mb" 4.4, "x6/rw1/mb" 4.44, "x7/rw1/mb" 4.48, "x8/rw1/mb" 4.52, "x12/rw3/mb" 4.6, "x19/rw3/mb" 4.64, "x27/rw3/mb" 4.68, "x28/rw3/mb" 4.72, "x31/rw3/mb" 4.76, "x45/rw3/mb" 4.8, "x46/rw3/mb" 4.84, "x47/rw3/mb" 4.88, "x50/rw3/mb" 4.92, "x51/rw3/mb" 4.96, "x52/rw3/mb" 5, "x55/rw3/mb" 5.04, "rw4/mb" 5.12, "x13/rw4/mb" 5.16, "x20/rw4/mb" 5.2, "x27/rw4/mb" 5.24, "x28/rw4/mb" 5.28, "x32/rw4/mb" 5.32, "x21/same/mb" 5.4, "x27/same/mb" 5.44, "x28/same/mb" 5.48, "x33/same/mb" 5.52, "x39/same/mb" 5.56, "x24/uscale/mb" 5.64, "x27/uscale/mb" 5.68, "x28/uscale/mb" 5.72, "x34/uscale/mb" 5.76, "x22/wscale/mb" 5.84, "x28/wscale/mb" 5.88, "x35/wscale/mb" 5.92, "x0/rw1/mb" 6.12, "x1/rw1/mb" 6.16, "x14/rw1/mb" 6.2, "x15/rw1/mb" 6.24, "x2/rw1/mb" 6.28, "x27/rw1/mb" 6.32, "x28/rw1/mb" 6.36, "x29/rw1/mb" 6.4, "x3/rw1/mb" 6.44, "x36/rw1/mb" 6.48, "x37/rw1/mb" 6.52, "x38/rw1/mb" 6.56, "x4/rw1/mb" 6.6, "x40/rw1/mb" 6.64, "x41/rw1/mb" 6.68, "x42/rw1/mb" 6.72, "x43/rw1/mb" 6.76, "x44/rw1/mb" 6.8, "x48/rw1/mb" 6.84, "x49/rw1/mb" 6.88, "x5/rw1/mb" 6.92, "x53/rw1/mb" 6.96, "x6/rw1/mb" 7, "x7/rw1/mb" 7.04, "x8/rw1/mb" 7.08, "x12/rw3/mb" 7.16, "x19/rw3/mb" 7.2, "x27/rw3/mb" 7.24, "x28/rw3/mb" 7.28, "x31/rw3/mb" 7.32, "x45/rw3/mb" 7.36, "x46/rw3/mb" 7.4, "x47/rw3/mb" 7.44, "x50/rw3/mb" 7.48, "x51/rw3/mb" 7.52, "x52/rw3/mb" 7.56, "x55/rw3/mb" 7.6, "rw4/mb" 7.68, "x13/rw4/mb" 7.72, "x20/rw4/mb" 7.76, "x27/rw4/mb" 7.8, "x28/rw4/mb" 7.84, "x32/rw4/mb" 7.88) font "Verdana,9"
set key top left Left reverse
set ylabel "count, normalized per test"
plot  '-' using 1:($3/$6):($2/$6):($5/$6):($4/$6) with candlesticks lt 1 title 'ops_per_sec', \
 '-' using 1:($2/$3):($2/$3):($2/$3):($2/$3) with candlesticks lt 1 notitle, \
 '-' using 1:($3/$6):($2/$6):($5/$6):($4/$6) with candlesticks lt 2 title 'puts_per_sec', \
 '-' using 1:($2/$3):($2/$3):($2/$3):($2/$3) with candlesticks lt 2 notitle, \
 '-' using 1:($3/$6):($2/$6):($5/$6):($4/$6) with candlesticks lt 3 title 'gets_per_sec', \
 '-' using 1:($2/$3):($2/$3):($2/$3):($2/$3) with candlesticks lt 3 notitle
1 1437934.22276 1466160.36378 1521173.74183 1543680.56582 1468669.34446
1.04 1423923.4343 1433578.54668 1491814.77709 1496876.60647 1468669.34446
1.08 1391265.14216 1451354.54982 1485198.07219 1494682.11344 1468669.34446
1.12 1419568.56573 1428153.61663 1500544.51822 1522183.07533 1468669.34446
1.16 1378321.83203 1424774.46734 1491944.27682 1509885.42828 1468669.34446
1.2 741644.41418 764861.517768 789064.364073 837563.748458 1468669.34446
1.24 823093.982982 835571.989156 859040.168834 886301.572897 1468669.34446
1.28 918007.592355 926749.256862 944800.244219 959197.093816 1468669.34446
1.32 1432229.68989 1466150.01951 1486079.30145 1500402.38515 1468669.34446
1.36 1377590.85249 1383597.91496 1394694.89222 1401258.57626 1468669.34446
1.4 1077904.91551 1103322.22919 1155984.44125 1167000.18504 1468669.34446
1.44 866561.072291 891864.628836 912901.359629 938810.688749 1468669.34446
1.48 1458894.94023 1466758.57531 1475676.19101 1500670.1677 1468669.34446
1.52 1351835.93856 1355686.93909 1360488.67188 1360704.68827 1468669.34446
1.56 1058648.64253 1129889.95438 1185591.43451 1195157.50714 1468669.34446
1.6 2127891.66965 2131322.5858 2138184.41809 2141615.33423 1468669.34446
1.64 2052839.71658 2054733.81516 2058522.01231 2060416.11089 1468669.34446
1.68 2052606.67477 2058766.25558 2071085.41721 2077244.99802 1468669.34446
1.72 1870592.37942 1873528.52194 1879400.80698 1882336.9495 1468669.34446
1.76 2005623.62846 2020191.80008 2049328.14331 2063896.31493 1468669.34446
1.8 1399250.67587 1418933.96788 1463898.27144 1473184.6128 1468669.34446
1.84 656718.166319 667733.358921 688715.117917 707597.323461 1468669.34446
1.88 1393006.77449 1412938.1254 1442151.88617 1472911.78965 1468669.34446
1.92 1423104.89469 1474511.34954 1490361.19423 1506037.46416 1468669.34446
1.96 1433153.69628 1441191.20737 1465527.76924 1489526.92993 1468669.34446
2.04 1686452.98265 1713151.63067 1769878.16094 1794439.3939 1754406.55316
2.08 1582171.8862 1654635.92168 1797633.04917 1833917.99251 1754406.55316
2.16 2263703.15939 2316596.92254 2386904.13861 2415229.57929 2352753.66925
2.2 2252865.93636 2272095.00024 2325062.23331 2339056.53645 2352753.66925
2.28 3174679.91794 3189975.34759 3268222.45659 3287158.4617 3224829.88309
2.32 2941423.26592 3005331.72693 3311784.54217 3372116.6285 3224829.88309
2.36 1718687.95715 1767727.90866 1892624.81458 1962530.65019 3224829.88309
2.4 1687208.23408 1736658.22913 1890438.96865 1916766.99369 3224829.88309
2.44 1764418.2541 1860251.36975 1966290.44286 2026072.93475 3224829.88309
2.48 1653898.95298 1681204.94302 1765867.65189 1873382.90668 3224829.88309
2.56 6682233.54831 6839052.68853 6927030.6674 7659769.47004 6881286.65313
2.6 6382890.09565 6556810.94442 6741089.76326 7322227.69432 6881286.65313
2.64 3489380.60186 3584991.00143 3723332.82913 4492068.70445 6881286.65313
2.68 3763236.60804 3798492.4161 3884281.9531 4574546.41241 6881286.65313
2.72 4055503.82538 4101315.62883 4154541.76213 4938522.68595 6881286.65313
2.76 3518304.27157 3642099.28876 3698323.83942 4404270.06179 6881286.65313
2.8 3770068.28822 3805012.44 3885797.37989 4562305.08628 6881286.65313
2.84 2632488.96453 2741400.73295 2959224.2698 3068136.03822 6881286.65313
2.88 7432943.12982 7672241.80692 8150839.16113 8390137.83823 6881286.65313
2.92 7436133.45614 7638943.97307 8044565.00692 8247375.52385 6881286.65313
2.96 7293836.78833 7497323.17791 7904295.95708 8107782.34667 6881286.65313
3 3662702.89108 3694642.1977 3803711.88512 4225535.7792 6881286.65313
3.08 3488758.0348 3518913.39557 3655665.0421 3899117.87157 3574012.79172
3.12 6236810.14096 6381015.27483 6505576.75141 7178172.68815 3574012.79172
3.16 5888417.4239 6185368.72133 6290525.9 6999409.63044 3574012.79172
3.2 3429157.26635 3556322.74338 3616525.67121 4106001.98365 3574012.79172
3.24 3547472.88537 3578057.80614 3665255.79234 4107782.55846 3574012.79172
3.28 3887445.95248 3948049.05694 4016038.94334 4498842.06306 3574012.79172
3.36 3694443.20124 3779275.45885 3842508.90473 3866905.82442 3812030.6186
e
1 1468669.34446 1468669.34446
1.04 1470798.91034 1468669.34446
1.08 1469459.39109 1468669.34446
1.12 1439906.6219 1468669.34446
1.16 1475699.52876 1468669.34446
1.2 775238.210801 1468669.34446
1.24 853663.945182 1468669.34446
1.28 934260.979174 1468669.34446
1.32 1474223.79881 1468669.34446
1.36 1389053.63333 1468669.34446
1.4 1127336.62156 1468669.34446
1.44 898687.578498 1468669.34446
1.48 1471609.51279 1468669.34446
1.52 1358693.63618 1468669.34446
1.56 1157808.91003 1468669.34446
1.6 2134753.50194 1468669.34446
1.64 2056627.91373 1468669.34446
1.68 2064925.8364 1468669.34446
1.72 1876464.66446 1468669.34446
1.76 2034759.9717 1468669.34446
1.8 1443505.51554 1468669.34446
1.84 681948.337772 1468669.34446
1.88 1422941.20161 1468669.34446
1.92 1475833.66372 1468669.34446
1.96 1446542.03823 1468669.34446
2.04 1754406.55316 1754406.55316
2.08 1749436.93241 1754406.55316
2.16 2352753.66925 2352753.66925
2.2 2297521.04396 2352753.66925
2.28 3224829.88309 3224829.88309
2.32 3153821.54886 3224829.88309
2.36 1785449.92951 3224829.88309
2.4 1881070.00696 3224829.88309
2.44 1945938.71966 3224829.88309
2.48 1708792.83341 3224829.88309
2.56 6881286.65313 6881286.65313
2.6 6698617.20688 6881286.65313
2.64 3637877.39189 6881286.65313
2.68 3822258.00007 6881286.65313
2.72 4121110.3671 6881286.65313
2.76 3668321.97553 6881286.65313
2.8 3838821.566 6881286.65313
2.84 2850312.50137 6881286.65313
2.88 7911540.48403 6881286.65313
2.92 7841754.49 6881286.65313
2.96 7700809.5675 6881286.65313
3 3744682.6015 6881286.65313
3.08 3574012.79172 3574012.79172
3.12 6447042.80895 3574012.79172
3.16 6214418.52798 3574012.79172
3.2 3582068.91348 3574012.79172
3.24 3602058.87106 3574012.79172
3.28 3963246.69967 3574012.79172
3.36 3812030.6186 3812030.6186
e
3.56 1434800.09032 1482882.20274 1558728.06397 1582728.67933 1487708.6695
3.6 1403009.59963 1439973.37272 1503864.38706 1527603.38077 1487708.6695
3.64 1330557.33433 1440143.77445 1508570.11511 1518547.15448 1487708.6695
3.68 1419840.88674 1441090.92294 1531772.51118 1556209.1728 1487708.6695
3.72 1312552.68411 1393761.66516 1507418.60703 1536459.98822 1487708.6695
3.76 782398.95923 787078.222831 813731.551827 840780.058624 1487708.6695
3.8 852675.642002 864125.595784 885555.117279 896724.423553 1487708.6695
3.84 925574.82974 933950.094647 948423.09709 985890.779496 1487708.6695
3.88 1425312.91969 1477399.94589 1523191.27779 1536247.25345 1487708.6695
3.92 1441419.25662 1446392.22237 1460199.61221 1460410.44343 1487708.6695
3.96 968120.878881 1002789.88539 1037716.70166 1052135.6929 1487708.6695
4 882046.488778 895518.585256 920493.87973 950922.806386 1487708.6695
4.04 1470611.64017 1480838.10201 1500013.70413 1533929.94359 1487708.6695
4.08 1404378.137 1410103.55315 1413466.35007 1414010.7687 1487708.6695
4.12 1038916.4491 1062011.13613 1114810.69157 1149073.0082 1487708.6695
4.16 2197676.09587 2201807.19456 2210069.39194 2214200.49063 1487708.6695
4.2 2010775.50241 2023743.1067 2049678.31528 2062645.91957 1487708.6695
4.24 2037368.80271 2038788.26328 2041627.18442 2043046.64499 1487708.6695
4.28 1895594.67961 1899162.53176 1906298.23608 1909866.08823 1487708.6695
4.32 1985121.31399 2002967.62405 2038660.24417 2056506.55423 1487708.6695
4.36 1406063.45344 1420379.06122 1479307.15063 1523013.0352 1487708.6695
4.4 684736.452006 693611.261142 702967.814353 730602.105906 1487708.6695
4.44 1382546.52021 1432354.41525 1469781.89315 1503246.63612 1487708.6695
4.48 1430963.94598 1503030.31485 1532276.71225 1546437.4023 1487708.6695
4.52 1452589.34636 1462750.59157 1484641.2542 1564106.33681 1487708.6695
4.6 5295685.09706 5384345.92893 5517429.09072 6494207.70703 5458301.44312
4.64 4869076.41145 5086697.61025 5315300.31567 6229311.11705 5458301.44312
4.68 2590696.4305 2598501.33049 2710868.96869 3388336.33962 5458301.44312
4.72 2735278.56396 2762475.51469 2831939.48057 3500609.14009 5458301.44312
4.76 2975628.97428 3004892.23057 3048447.59906 3880976.04727 5458301.44312
4.8 2614901.86466 2648569.88749 2744552.16115 3437652.25592 5458301.44312
4.84 2740925.89007 2764442.50718 2837950.72435 3511269.47071 5458301.44312
4.88 2202099.8463 2296511.8036 2485335.71819 2579747.67549 5458301.44312
4.92 6059592.52311 6384571.33587 7034528.96139 7359507.77415 5458301.44312
4.96 6017737.52014 6287377.49421 6826657.44235 7096297.41642 5458301.44312
5 5896777.18101 6173482.28057 6726892.47971 7003597.57927 5458301.44312
5.04 2684210.20535 2710618.86046 2774653.36892 3271916.33388 5458301.44312
5.12 2598356.85755 2629294.7068 2705819.60676 2976556.17953 2654109.38984
5.16 5053074.34197 5130484.96064 5250322.60491 6210943.18526 2654109.38984
5.2 4637570.42173 4885611.5046 5072518.76993 5894773.49291 2654109.38984
5.24 2579744.99296 2590435.43763 2654983.11597 3115099.12648 2654109.38984
5.28 2593700.60679 2613059.60022 2688677.40966 3107169.19104 2654109.38984
5.32 2916830.5818 2925398.90164 3017046.18047 3483802.9757 2654109.38984
5.4 413355.494752 418092.069546 440676.520362 453558.875082 426837.152404
5.44 158664.339672 168570.110931 183293.778122 199173.731949 426837.152404
5.48 162139.964598 172362.005877 201155.113036 212543.875505 426837.152404
5.52 151233.722003 165347.617366 185811.966398 191941.924248 426837.152404
5.56 163927.432193 177553.184584 199873.794461 218617.862641 426837.152404
5.64 1525176.48554 1551578.45738 1567335.01577 1580579.24354 1559414.35379
5.68 900518.619459 919993.112745 926725.917458 969060.051635 1559414.35379
5.72 875202.861534 891327.887082 908473.590348 934621.353479 1559414.35379
5.76 852321.033513 864119.04532 897924.13859 926220.401258 1559414.35379
5.84 1427011.72374 1481970.51949 1510824.72325 1548311.93394 1496576.06433
5.88 842328.342681 854077.345029 872430.40655 884631.633181 1496576.06433
5.92 720764.836666 738159.298057 759870.33304 798028.136959 1496576.06433
e
3.56 1487708.6695 1487708.6695
3.6 1481523.89892 1487708.6695
3.64 1489189.79759 1487708.6695
3.68 1471748.8695 1487708.6695
3.72 1483368.89048 1487708.6695
3.76 799722.067111 1487708.6695
3.8 875619.436489 1487708.6695
3.84 937671.746893 1487708.6695
3.88 1490675.33759 1487708.6695
3.92 1454089.60638 1487708.6695
3.96 1015961.93636 1487708.6695
4 913145.617465 1487708.6695
4.04 1498212.40627 1487708.6695
4.08 1412648.45119 1487708.6695
4.12 1106604.32567 1487708.6695
4.16 2205938.29325 1487708.6695
4.2 2036710.71099 1487708.6695
4.24 2040207.72385 1487708.6695
4.28 1902730.38392 1487708.6695
4.32 2020813.93411 1487708.6695
4.36 1448245.15955 1487708.6695
4.4 696903.452731 1487708.6695
4.44 1448076.42466 1487708.6695
4.48 1515475.36087 1487708.6695
4.52 1464267.97087 1487708.6695
4.6 5458301.44312 5458301.44312
4.64 5274212.92977 5458301.44312
4.68 2628129.89184 5458301.44312
4.72 2774536.57279 5458301.44312
4.76 3035256.76966 5458301.44312
4.8 2694251.0233 5458301.44312
4.84 2784206.85925 5458301.44312
4.88 2390923.76089 5458301.44312
4.92 6709550.14863 5458301.44312
4.96 6557017.46828 5458301.44312
5 6450187.38014 5458301.44312
5.04 2732920.09451 5458301.44312
5.12 2654109.38984 2654109.38984
5.16 5184081.29889 2654109.38984
5.2 4960583.26869 2654109.38984
5.24 2612960.24241 2654109.38984
5.28 2649217.72324 2654109.38984
5.32 2964942.96077 2654109.38984
5.4 426837.152404 426837.152404
5.44 175344.645275 426837.152404
5.48 183832.727096 426837.152404
5.52 172226.888705 426837.152404
5.56 181666.358829 426837.152404
5.64 1559414.35379 1559414.35379
5.68 925681.505899 1559414.35379
5.72 896884.911528 1559414.35379
5.76 874175.081403 1559414.35379
5.84 1496576.06433 1496576.06433
5.88 868745.647859 1496576.06433
5.92 748188.425602 1496576.06433
e
6.12 1441082.07736 1446595.63494 1485615.66022 1506922.41354 1452948.74429
6.16 1416520.78457 1448960.30172 1464267.71825 1488369.32897 1452948.74429
6.2 1445318.81258 1455838.47836 1467957.49107 1471555.57821 1452948.74429
6.24 1397631.22411 1411220.93601 1470158.91981 1494239.71445 1452948.74429
6.28 1451029.76393 1456819.02794 1478076.78615 1484214.50446 1452948.74429
6.32 704746.084004 736544.330843 771863.884451 862452.825625 1452948.74429
6.36 781603.521486 801393.379187 853125.003167 885900.216572 1452948.74429
6.4 891147.180108 916411.172623 948200.693363 951463.548596 1452948.74429
6.44 1437622.71361 1440906.38774 1465352.77701 1477118.42647 1452948.74429
6.48 1313670.44457 1326570.82189 1337135.44482 1346711.90805 1452948.74429
6.52 1150480.73213 1229377.17568 1305454.83389 1334803.12851 1452948.74429
6.56 850075.425734 881905.314548 902580.338977 927003.240007 1452948.74429
6.6 1435085.74899 1445019.53106 1462121.3574 1468822.10691 1452948.74429
6.64 1303083.49108 1304500.02393 1311301.46749 1312995.25742 1452948.74429
6.68 1051031.0004 1177337.11978 1274702.17749 1295738.69676 1452948.74429
6.72 2062402.67975 2065211.52164 2070829.20544 2073638.04733 1452948.74429
6.76 2043126.31343 2060487.17104 2095208.88626 2112569.74387 1452948.74429
6.8 2068074.19837 2079207.58054 2101474.34487 2112607.72704 1452948.74429
6.84 1846241.0383 1848578.31709 1853252.87466 1855590.15345 1452948.74429
6.88 2026553.85785 2037750.2372 2060142.99589 2071339.37523 1452948.74429
6.92 1392503.59965 1412638.38515 1442445.1959 1454469.95712 1452948.74429
6.96 628818.206975 639850.22918 680888.690981 711276.635465 1452948.74429
7 1383985.98578 1402628.06442 1415544.3433 1443777.01362 1452948.74429
7.04 1415331.69785 1435130.12934 1455133.63145 1467694.64297 1452948.74429
7.08 1402423.55887 1422919.67594 1430700.50273 1453093.99499 1452948.74429
7.16 9052383.63945 9241432.58217 9373725.06056 9419667.46957 9306237.40676
7.2 8880243.52968 9117753.90418 9259774.08128 9314617.90226 9306237.40676
7.24 5321026.07193 5629730.84034 6089732.85011 6662266.10798 9306237.40676
7.28 5885935.39586 6026253.40784 6236618.44158 6599037.63493 9306237.40676
7.32 6220621.57273 6423783.37121 6612492.15609 6788300.84957 9306237.40676
7.36 5360870.80636 5585364.54177 5916513.92894 6352079.16979 9306237.40676
7.4 5896523.86824 5976844.43581 6311448.7021 6535455.04212 9306237.40676
7.44 3271980.83317 3400142.60091 3656466.1364 3784627.90415 9306237.40676
7.48 9611242.31692 9647540.51318 9720136.90571 9756435.10197 9306237.40676
7.52 9729370.71213 9758073.90055 9815480.27738 9844183.4658 9306237.40676
7.56 9558406.64022 9575131.11071 9608580.0517 9625304.5222 9306237.40676
7.6 5506145.30874 5744292.94897 6004280.68605 6248540.44278 9306237.40676
7.68 5219394.55558 5329243.04958 5635500.89035 5703521.61214 5454259.87331
7.72 8144819.83133 8367439.15948 8562069.70577 8588612.83317 5454259.87331
7.76 8063236.08183 8141078.34248 8511344.84557 8613518.0047 5454259.87331
7.8 5112514.59783 5451469.98313 5926300.62172 6021384.83029 5454259.87331
7.84 5372717.37715 5591513.10863 5901617.24976 6058978.0086 5454259.87331
7.88 5696758.39082 5937666.15161 6128031.42929 6348553.39569 5454259.87331
e
6.12 1452948.74429 1452948.74429
6.16 1460318.95413 1452948.74429
6.2 1461592.81344 1452948.74429
6.24 1427318.16095 1452948.74429
6.28 1468153.82744 1452948.74429
6.32 748026.625751 1452948.74429
6.36 822446.854194 1452948.74429
6.4 929227.438718 1452948.74429
6.44 1451302.80996 1452948.74429
6.48 1332407.11903 1452948.74429
6.52 1269423.89219 1452948.74429
6.56 888297.524305 1452948.74429
6.6 1453339.97976 1452948.74429
6.64 1307854.5362 1452948.74429
6.68 1243205.3352 1452948.74429
6.72 2068020.36354 1452948.74429
6.76 2077848.02865 1452948.74429
6.8 2090340.9627 1452948.74429
6.84 1850915.59588 1452948.74429
6.88 2048946.61654 1452948.74429
6.92 1429168.05571 1452948.74429
6.96 659398.285569 1452948.74429
7 1404909.25603 1452948.74429
7.04 1445759.14341 1452948.74429
7.08 1428317.36741 1452948.74429
7.16 9306237.40676 9306237.40676
7.2 9200125.94991 9306237.40676
7.24 5873679.69971 9306237.40676
7.28 6110664.48676 9306237.40676
7.32 6501893.67044 9306237.40676
7.36 5777460.56 9306237.40676
7.4 6117697.72306 9306237.40676
7.44 3528304.36866 9306237.40676
7.48 9683838.70944 9306237.40676
7.52 9786777.08897 9306237.40676
7.56 9591855.58121 9306237.40676
7.6 5880169.14958 9306237.40676
7.68 5454259.87331 5454259.87331
7.72 8519624.07437 5454259.87331
7.76 8379982.60131 5454259.87331
7.8 5577136.74526 5454259.87331
7.84 5740862.49158 5454259.87331
7.88 6027873.65111 5454259.87331
e
