Rust Masstree mttest - 12 threads, 10s duration

rw1 with 12 threads:
  thread         puts       puts/sec         gets       gets/sec          ops        ops/sec
------------------------------------------------------------------------------------------
       0      7275520         727593      7275520        1010300     14551040         845952
       1      7261696         726187      7261696         969432     14523392         830362
       2      7728128         772845      7728128        1002699     15456256         872894
       3      7367680         736801      7367680         977083     14735360         840099
       4      7933952         793459      7933952        1056436     15867904         906256
       5      7178752         717906      7178752         951564     14357504         818384
       6      7171584         717193      7171584         998496     14343168         834784
       7      7215616         721593      7215616         995953     14431232         836860
       8      7109632         711008      7109632         948981     14219264         812937
       9      7436800         743729      7436800        1003320     14873600         854238
      10      6965248         696557      6965248         959334     13930496         807096
      11      7291904         729211      7291904        1005302     14583808         845283
------------------------------------------------------------------------------------------
   TOTAL     87936512        8794084     87936512       11878900    175873024       10105144
