Rust Masstree mttest - 12 threads, 10s duration

rw2g98 with 12 threads:
  thread         puts       puts/sec         gets       gets/sec          ops        ops/sec
------------------------------------------------------------------------------------------
       0       430613          43048     19827691              0     20258304        2025212
       1       401541          40142     20358011              0     20759552        2075343
       2       388338          38822     20198670              0     20587008        2058085
       3       402649          40253     19911975              0     20314624        2030885
       4       423948          42382     19521012              0     19944960        1993889
       5       389454          38934     19745458              0     20134912        2012900
       6       395499          39538     20570901              0     20966400        2096033
       7       406633          40652     20108183              0     20514816        2050899
       8       450714          45057     20753254              0     21203968        2119742
       9       409755          40963     20774245              0     21184000        2117767
      10       379380          37926     19732492              0     20111872        2010565
      11       420417          42029     20790207              0     21210624        2120429
------------------------------------------------------------------------------------------
   TOTAL      4898941         489748    242292099              0    247191040       24711749
