Rust Masstree mttest - 12 threads, 10s duration

rw3 with 12 threads:
  thread         puts       puts/sec         gets       gets/sec          ops        ops/sec
------------------------------------------------------------------------------------------
       0     21518848        2152111     21518848        6369912     43037696        3217255
       1     21518848        2152107     21518848        6382388     43037696        3218839
       2     21518848        2152107     21518848        6515912     43037696        3235558
       3     21518848        2152093     21518848        6824364     43037696        3272264
       4     21518848        2152112     21518848        6719929     43037696        3260138
       5     21518848        2152105     21518848        6413483     43037696        3222776
       6     21518848        2152102     21518848        6675918     43037696        3254921
       7     21518848        2152093     21518848        6778627     43037696        3266978
       8     21518848        2152097     21518848        6868751     43037696        3277346
       9     21518848        2152093     21518848        6759448     43037696        3264746
      10     21518848        2152100     21518848        6778636     43037696        3266988
      11     21518848        2152098     21518848        6868648     43037696        3277336
------------------------------------------------------------------------------------------
   TOTAL    258226176       25825218    258226176       79956017    516452352       39035145
