Rust Masstree mttest - 12 threads, 10s duration

rw4 with 12 threads:
  thread         puts       puts/sec         gets       gets/sec          ops        ops/sec
------------------------------------------------------------------------------------------
       0     42118656        4212297     42118656        5469802     84237312        4759387
       1     43195904        4320021     43195904        5499960     86391808        4839102
       2     41691136        4169544     41691136        5345522     83382272        4684863
       3     41626112        4163032     41626112        5449527     83252224        4720191
       4     49729024        4973417     49729024        5611591     99458048        5273266
       5     42119168        4212338     42119168        5469810     84238336        4759417
       6     40199680        4020386     40199680        5180196     80399360        4527189
       7     41209856        4121398     41209856        5324238     82419712        4646231
       8     41762304        4176637     41762304        5452437     83524608        4730019
       9     41096704        4108185     41096704        5036515     82193408        4525230
      10     42294784        4229896     42294784        5460736     84589568        4767150
      11     41036800        4104040     41036800        5143970     82073600        4565536
------------------------------------------------------------------------------------------
   TOTAL    508080128       50811191    508080128       64444306   1016160256       56797580
