Rust Masstree mttest - 12 threads, 10s duration

same with 12 threads:
  thread         puts       puts/sec         gets       gets/sec          ops        ops/sec
------------------------------------------------------------------------------------------
       0      1948672         194863            0              0      1948672         194863
       1      1957888         195786            0              0      1957888         195786
       2      2002944         200294            0              0      2002944         200294
       3      2025984         202615            0              0      2025984         202615
       4      2056192         205637            0              0      2056192         205637
       5      2031616         203164            0              0      2031616         203164
       6      1909248         190923            0              0      1909248         190923
       7      1982976         198294            0              0      1982976         198294
       8      1977344         197734            0              0      1977344         197734
       9      2002432         200248            0              0      2002432         200248
      10      2005504         200560            0              0      2005504         200560
      11      1982976         198294            0              0      1982976         198294
------------------------------------------------------------------------------------------
   TOTAL     23883776        2388413            0              0     23883776        2388413
