Rust Masstree mttest - 12 threads, 10s duration

uscale with 12 threads:
  thread         puts       puts/sec         gets       gets/sec          ops        ops/sec
------------------------------------------------------------------------------------------
       0      8858624         885900            0              0      8858624         885900
       1      9253376         925368            0              0      9253376         925368
       2      9348096         934817            0              0      9348096         934817
       3      8866816         886762            0              0      8866816         886762
       4      9853440         985404            0              0      9853440         985404
       5      9009664         901055            0              0      9009664         901055
       6      8684032         868480            0              0      8684032         868480
       7      8977920         897866            0              0      8977920         897866
       8      8391168         839195            0              0      8391168         839195
       9      8759808         875917            0              0      8759808         875917
      10      9111552         911253            0              0      9111552         911253
      11      8542208         854302            0              0      8542208         854302
------------------------------------------------------------------------------------------
   TOTAL    107656704       10766319            0              0    107656704       10766319
