Rust Masstree mttest - 12 threads, 10s duration

wscale with 12 threads:
  thread         puts       puts/sec         gets       gets/sec          ops        ops/sec
------------------------------------------------------------------------------------------
       0      7322112         732221            0              0      7322112         732221
       1      7878144         787848            0              0      7878144         787848
       2      7370240         737033            0              0      7370240         737033
       3      7318016         731805            0              0      7318016         731805
       4      8165376         816566            0              0      8165376         816566
       5      7915008         791534            0              0      7915008         791534
       6      7465984         746618            0              0      7465984         746618
       7      7307264         730705            0              0      7307264         730705
       8      7314944         731490            0              0      7314944         731490
       9      7386624         738638            0              0      7386624         738638
      10      7391232         739133            0              0      7391232         739133
      11      7213568         721188            0              0      7213568         721188
------------------------------------------------------------------------------------------
   TOTAL     90048512        9004780            0              0     90048512        9004780
